1 36399883
2 294628
3 111001
4 140874
5 193867
6 265591
7 350977
8 441474
9 531883
10 608845
11 674221
12 715377
13 731351
14 720978
15 690838
16 640631
17 581498
18 513332
19 444786
20 376844
21 312765
22 254824
23 206070
24 164205
25 128801
26 101067
27 78155
28 60242
29 46497
30 35935
31 28058
32 22184
33 18296
34 15341
35 12603
36 11069
37 9541
38 8612
39 7887
40 7235
41 6715
42 6281
43 5883
44 5496
45 5263
46 4885
47 4629
48 4454
49 4143
50 3817
51 3603
52 3487
53 3299
54 2949
55 2811
56 2562
57 2336
58 2168
59 1970
60 1840
61 1718
62 1600
63 1514
64 1426
65 1248
66 1152
67 1111
68 1005
69 939
70 903
71 850
72 780
73 701
74 702
75 640
76 595
77 537
78 525
79 471
80 442
81 488
82 457
83 419
84 376
85 398
86 395
87 328
88 334
89 333
90 341
91 314
92 318
93 301
94 307
95 296
96 321
97 302
98 305
99 305
100 306
101 282
102 299
103 271
104 285
105 286
106 282
107 257
108 241
109 255
110 272
111 292
112 268
113 290
114 270
115 263
116 266
117 276
118 281
119 273
120 271
121 294
122 256
123 236
124 271
125 242
126 258
127 205
128 239
129 215
130 213
131 216
132 210
133 198
134 191
135 194
136 201
137 193
138 182
139 141
140 154
141 147
142 149
143 123
144 142
145 154
146 119
147 128
148 111
149 111
150 121
151 114
152 98
153 84
154 89
155 109
156 102
157 66
158 82
159 94
160 70
161 77
162 64
163 97
164 69
165 67
166 63
167 54
168 65
169 56
170 52
171 55
172 45
173 39
174 33
175 27
176 26
177 37
178 31
179 32
180 50
181 36
182 38
183 29
184 21
185 35
186 20
187 16
188 18
189 15
190 17
191 22
192 16
193 13
194 27
195 11
196 12
197 8
198 10
199 8
200 6
201 20
202 4
203 9
204 7
205 7
206 5
207 8
208 11
209 3
211 2
212 7
213 6
214 5
215 2
216 4
217 5
218 4
219 1
220 2
221 2
222 5
223 3
224 2
226 3
227 2
229 1
230 2
231 4
232 1
233 1
234 2
235 2
239 1
240 1
242 1
245 1
246 2
248 1
252 1
254 1
255 1
258 1
263 1
267 1
281 1
313 1
329 1
335 1
339 1
344 1
372 1
