1 14151553
2 795414
3 189922
4 97106
5 73608
6 62968
7 58063
8 55691
9 55690
10 55220
11 54976
12 54666
13 54486
14 56076
15 56396
16 57145
17 57735
18 58866
19 61205
20 60876
21 62837
22 63556
23 65205
24 65809
25 66956
26 69132
27 70696
28 71524
29 73554
30 75457
31 76431
32 78261
33 81321
34 82230
35 84997
36 87688
37 90359
38 93057
39 95710
40 98565
41 101288
42 103565
43 106870
44 110054
45 112575
46 116245
47 117444
48 120160
49 123625
50 127373
51 130155
52 133239
53 135908
54 136874
55 139170
56 141760
57 143615
58 145872
59 146278
60 146938
61 148683
62 149392
63 150474
64 150522
65 150057
66 150212
67 148337
68 147612
69 147201
70 146065
71 144224
72 142949
73 140398
74 137914
75 134617
76 131817
77 129512
78 126742
79 124873
80 120133
81 117406
82 113939
83 109969
84 106548
85 103469
86 99471
87 96019
88 92387
89 88054
90 84847
91 80871
92 77258
93 73317
94 70002
95 66737
96 63761
97 59814
98 56496
99 53334
100 50234
101 47349
102 44412
103 42012
104 39313
105 37115
106 34635
107 32790
108 30399
109 28128
110 26285
111 24823
112 23089
113 21505
114 19854
115 18518
116 17154
117 16055
118 14860
119 14224
120 13379
121 12453
122 11708
123 10713
124 10318
125 9409
126 8602
127 8316
128 7536
129 7167
130 6762
131 6492
132 6041
133 5520
134 5198
135 5005
136 4672
137 4432
138 3911
139 3781
140 3700
141 3390
142 3194
143 3172
144 2900
145 2859
146 2694
147 2472
148 2402
149 2279
150 2220
151 2140
152 2003
153 1952
154 1866
155 1781
156 1621
157 1590
158 1523
159 1453
160 1452
161 1354
162 1366
163 1223
164 1129
165 1217
166 1241
167 1147
168 1217
169 1129
170 1103
171 1052
172 1069
173 1062
174 988
175 964
176 1014
177 865
178 906
179 891
180 854
181 794
182 868
183 771
184 744
185 748
186 748
187 774
188 698
189 658
190 708
191 691
192 611
193 592
194 576
195 563
196 566
197 576
198 572
199 512
200 516
201 575
202 517
203 532
204 498
205 489
206 502
207 469
208 450
209 425
210 446
211 424
212 422
213 406
214 357
215 348
216 357
217 354
218 323
219 288
220 292
221 334
222 291
223 282
224 275
225 321
226 246
227 290
228 276
229 274
230 285
231 254
232 265
233 263
234 250
235 259
236 229
237 248
238 224
239 214
240 187
241 208
242 251
243 220
244 210
245 214
246 218
247 219
248 221
249 217
250 196
251 196
252 187
253 202
254 183
255 181
256 165
257 192
258 147
259 172
260 169
261 168
262 143
263 212
264 156
265 162
266 178
267 135
268 142
269 150
270 153
271 118
272 158
273 150
274 129
275 126
276 129
277 135
278 118
279 118
280 142
281 144
282 138
283 130
284 167
285 158
286 140
287 142
288 140
289 131
290 151
291 120
292 128
293 129
294 121
295 124
296 135
297 120
298 124
299 132
300 99
301 111
302 127
303 106
304 106
305 100
306 104
307 102
308 100
309 108
310 89
311 102
312 87
313 86
314 75
315 79
316 88
317 78
318 82
319 77
320 64
321 84
322 86
323 83
324 81
325 82
326 76
327 75
328 93
329 82
330 77
331 95
332 76
333 98
334 81
335 77
336 105
337 86
338 81
339 90
340 89
341 81
342 73
343 86
344 76
345 74
346 79
347 79
348 89
349 74
350 86
351 78
352 89
353 76
354 78
355 97
356 97
357 77
358 83
359 91
360 89
361 102
362 79
363 69
364 64
365 87
366 69
367 73
368 73
369 55
370 68
371 72
372 69
373 89
374 76
375 72
376 66
377 70
378 49
379 80
380 79
381 60
382 49
383 48
384 60
385 50
386 85
387 65
388 65
389 49
390 63
391 64
392 63
393 59
394 53
395 60
396 62
397 65
398 74
399 69
400 52
401 52
402 58
403 58
404 58
405 71
406 70
407 49
408 48
409 71
410 72
411 73
412 67
413 79
414 66
415 52
416 66
417 67
418 76
419 66
420 50
421 65
422 62
423 55
424 71
425 61
426 61
427 69
428 59
429 71
430 65
431 55
432 77
433 62
434 76
435 76
436 77
437 76
438 85
439 83
440 65
441 51
442 76
443 84
444 74
445 81
446 75
447 64
448 69
449 64
450 69
451 60
452 69
453 79
454 57
455 64
456 79
457 68
458 58
459 61
460 73
461 65
462 60
463 62
464 82
465 68
466 56
467 63
468 68
469 71
470 57
471 71
472 83
473 74
474 78
475 60
476 59
477 70
478 68
479 56
480 65
481 71
482 75
483 61
484 45
485 60
486 56
487 49
488 51
489 59
490 64
491 72
492 53
493 58
494 59
495 56
496 55
497 43
498 45
499 57
500 56
501 60
502 51
503 63
504 55
505 39
506 66
507 68
508 61
509 75
510 66
511 78
512 57
513 64
514 52
515 53
516 67
517 57
518 55
519 61
520 49
521 52
522 53
523 57
524 55
525 67
526 54
527 44
528 44
529 57
530 42
531 65
532 40
533 45
534 52
535 53
536 41
537 43
538 48
539 63
540 45
541 60
542 45
543 47
544 47
545 34
546 49
547 41
548 44
549 42
550 41
551 52
552 41
553 42
554 43
555 40
556 47
557 37
558 38
559 56
560 44
561 32
562 39
563 37
564 54
565 53
566 56
567 49
568 45
569 40
570 42
571 49
572 45
573 50
574 50
575 34
576 54
577 40
578 50
579 44
580 38
581 52
582 49
583 30
584 42
585 34
586 52
587 44
588 52
589 39
590 36
591 43
592 32
593 33
594 37
595 47
596 34
597 36
598 36
599 42
600 35
601 26
602 51
603 40
604 37
605 29
606 47
607 37
608 37
609 33
610 33
611 36
612 47
613 27
614 28
615 29
616 33
617 19
618 31
619 24
620 24
621 28
622 30
623 35
624 31
625 28
626 25
627 27
628 24
629 23
630 19
631 22
632 28
633 24
634 30
635 30
636 24
637 20
638 32
639 23
640 14
641 16
642 17
643 22
644 19
645 23
646 28
647 16
648 17
649 24
650 18
651 28
652 25
653 20
654 32
655 29
656 22
657 30
658 22
659 21
660 24
661 26
662 21
663 17
664 25
665 15
666 17
667 17
668 16
669 11
670 14
671 21
672 30
673 15
674 16
675 13
676 15
677 15
678 31
679 16
680 19
681 29
682 20
683 22
684 24
685 16
686 22
687 9
688 12
689 17
690 17
691 20
692 21
693 17
694 17
695 21
696 20
697 12
698 11
699 19
700 17
701 14
702 17
703 12
704 12
705 12
706 10
707 12
708 10
709 6
710 8
711 10
712 9
713 7
714 7
715 14
716 4
717 8
718 11
719 7
720 17
721 11
722 15
723 10
724 12
725 6
726 12
727 16
728 17
729 14
730 13
731 13
732 17
733 17
734 9
735 19
736 13
737 16
738 14
739 11
740 11
741 21
742 9
743 13
744 10
745 9
746 11
747 8
748 11
749 7
750 12
751 12
752 9
753 13
754 18
755 8
756 11
757 8
758 13
759 9
760 12
761 21
762 9
763 9
764 7
765 11
766 15
767 12
768 8
769 12
770 10
771 10
772 11
773 10
774 16
775 10
776 5
777 18
778 6
779 11
780 12
781 5
782 13
783 5
784 6
785 2
786 10
787 3
788 8
789 8
790 3
791 4
792 8
793 11
794 5
795 1
796 7
797 8
798 2
799 11
800 6
801 4
802 7
803 7
804 10
805 6
806 3
807 7
808 10
809 9
810 8
811 4
812 8
813 5
814 7
815 5
816 3
817 6
818 8
819 9
820 3
821 6
822 9
823 7
824 8
825 2
826 5
827 7
828 3
829 4
830 5
831 4
832 3
833 5
834 1
835 3
836 3
837 4
838 6
839 6
840 7
841 4
842 2
843 12
844 2
845 9
846 4
847 8
848 7
849 9
850 8
851 4
852 8
853 12
854 9
855 4
856 9
857 7
858 10
859 5
860 4
861 12
862 7
863 11
864 10
865 8
866 11
867 7
868 4
869 6
870 5
871 8
872 8
873 11
874 6
875 4
876 10
877 5
878 5
879 4
880 8
881 9
882 11
883 4
884 6
885 5
886 5
887 6
888 7
889 9
890 7
891 6
892 4
893 1
894 3
895 4
896 6
897 3
898 3
899 4
900 1
901 2
902 4
903 3
905 4
906 3
908 4
909 3
910 4
911 1
912 1
913 5
914 3
915 3
916 1
917 2
918 2
919 2
920 1
921 3
923 2
925 3
927 3
929 2
930 1
931 1
932 2
933 3
934 1
937 1
942 1
946 1
947 2
949 1
952 1
957 1
962 2
967 2
968 1
973 1
981 1
999 1
1030 1
1060 1
1169 1
1249 1
1253 1
1354 1
1358 1
1362 1
