1 33252995
2 305309
3 101981
4 125414
5 171570
6 235778
7 311853
8 399391
9 490568
10 576324
11 650059
12 702369
13 730505
14 731490
15 712404
16 669670
17 611898
18 544749
19 472521
20 403167
21 335437
22 274338
23 222648
24 175839
25 138091
26 107076
27 82599
28 63338
29 48873
30 37864
31 29518
32 23767
33 19111
34 15796
35 13376
36 11528
37 10158
38 9326
39 8697
40 7799
41 7278
42 6817
43 6268
44 5877
45 5406
46 5050
47 4648
48 4266
49 3957
50 3572
51 3279
52 2874
53 2672
54 2426
55 2211
56 2018
57 1915
58 1749
59 1616
60 1470
61 1395
62 1303
63 1210
64 1118
65 1049
66 898
67 891
68 870
69 785
70 749
71 724
72 652
73 629
74 603
75 597
76 536
77 559
78 490
79 496
80 501
81 504
82 446
83 431
84 434
85 377
86 398
87 377
88 398
89 401
90 400
91 358
92 381
93 357
94 375
95 357
96 328
97 341
98 357
99 346
100 337
101 379
102 330
103 338
104 333
105 346
106 306
107 300
108 276
109 331
110 293
111 300
112 253
113 308
114 291
115 303
116 266
117 268
118 245
119 263
120 222
121 232
122 244
123 239
124 221
125 233
126 242
127 204
128 223
129 210
130 196
131 199
132 205
133 192
134 181
135 173
136 202
137 176
138 140
139 142
140 155
141 154
142 119
143 136
144 124
145 108
146 123
147 124
148 92
149 96
150 83
151 83
152 60
153 72
154 70
155 69
156 68
157 77
158 58
159 70
160 59
161 65
162 55
163 58
164 57
165 46
166 54
167 61
168 45
169 37
170 37
171 28
172 48
173 38
174 28
175 31
176 40
177 24
178 23
179 26
180 17
181 25
182 24
183 28
184 15
185 31
186 16
187 28
188 18
189 21
190 12
191 17
192 15
193 16
194 11
195 15
196 10
197 18
198 14
199 10
200 6
201 15
202 12
203 11
204 8
205 8
206 7
207 5
208 7
209 5
210 7
211 5
212 4
213 5
214 4
215 7
216 2
217 4
218 2
219 2
220 1
221 1
222 2
223 1
224 2
225 2
226 1
227 2
230 1
232 3
233 2
234 2
235 1
236 1
237 2
239 2
240 2
241 2
243 1
245 1
246 1
248 1
250 1
253 1
256 1
260 1
261 2
262 1
263 1
264 1
266 3
267 2
268 1
269 1
271 1
273 2
274 1
283 1
287 1
293 1
307 1
333 1
334 1
335 1
